[88, 225, 889]
[-834, -32, 765]
[-535, 663, -29]
[-481, -579, 890]
[46, -137, 601]
[901, 788, -202]
[-273, 463, -827]
[661, -253, 158]
[450, 699, -560]
[-254, 928, 269]
[546, -174, 663]
[402, -525, -96]
[589, -751, 765]
[-275, -763, 922]
[79, 793, -461]
[-647, -255, -3]
[83, -313, -903]
[-755, -214, 608]
[-6, -204, -487]
[36, -553, -67]
[270, 642, 317]
[-972, -100, -629]
[431, -112, 610]
[-386, 690, 437]
[-291, 268, 264]
[915, -273, -143]
[831, 41, -727]
[-266, -37, 903]
[-291, 438, 57]
[-792, 701, 642]
[-983, -899, -588]
[-688, 918, -619]
[-935, 285, -410]
[219, 81, -8]
[388, -461, -205]
[-840, 5, -746]
[378, 77, -193]
[-431, -185, -975]
[-274, -886, -129]
[636, -561, 418]
[554, 87, -811]
[-406, -596, -423]
[589, -5, 110]
[12, 969, 226]
[-137, 619, 334]
[216, 947, 39]
[979, 479, 497]
[-477, -814, -942]
[251, 855, -745]
[-628, 708, 671]
[394, -75, -454]
[-366, -248, -844]
[-630, 935, 176]
[843, -934, -565]
[706, -598, 672]
[926, 763, -840]
[-965, 317, 184]
[144, -601, 381]
[-980, -154, 647]
[-631, -798, -580]
[614, -746, 375]
[249, 681, 550]
[709, -807, -92]
[-768, -581, -596]
[424, 339, 538]
[776, 655, 497]
[111, -118, -730]
[-774, -539, 786]
[-315, -719, 335]
[-567, 47, 774]
[144, 45, 158]
[734, 393, 379]
[-268, -139, 503]
[-674, -621, 143]
[547, -616, -951]
[845, -704, -251]
[-429, -368, -237]
[-603, 255, -849]
[-896, 611, 735]
[-775, -775, -569]
[-187, 94, 148]
[-693, -185, 121]
[-201, 356, 383]
[860, -771, -934]
[52, -658, 153]
[246, -732, -799]
[20, 73, -742]
[396, -661, 593]
[169, 142, -292]
[600, 539, -614]
[955, -846, -661]
[632, -760, -833]
[967, 761, 902]
[878, 512, 497]
[-775, -600, -999]
[495, -81, 192]
[747, -834, -786]
[328, -956, 550]
[-442, 22, -613]
[-343, 864, -266]
[748, 19, -280]
[802, 5, -599]
[-271, -852, 172]
[290, -204, -178]
[877, -570, 856]
[559, -693, -818]
[575, 556, 977]
[282, -937, 587]
[-177, -275, 739]
[-905, -755, -598]
[-4, 320, -839]
[-420, -16, 414]
[489, -887, 101]
[-559, -933, 18]
[-459, -676, 781]
[-500, -461, 7]
[-745, -111, -769]
[256, -231, -840]
[-352, -899, -698]
[132, 742, -478]
[-572, 929, 69]
[680, -51, 890]
[269, 268, -545]
[-988, 870, 202]
[779, 294, 947]
[138, 399, -340]
[-333, -617, -577]
[757, -335, -376]
[-411, -571, 552]
[-857, -625, -941]
[-503, -209, 938]
[572, 358, 296]
[-540, 693, -626]
[-826, -804, -846]
[-991, 262, 139]
[528, 425, 275]
[741, -961, 84]
[-218, -208, -937]
[-743, 14, -338]
[770, -387, -223]
[-834, 669, -462]
[-75, 732, 450]
[533, 420, 438]
[-450, 166, 800]
[-6, -529, 600]
[-887, -835, -315]
[340, 939, -759]
[-987, 933, -272]
[-282, 6, 888]
[-602, -797, -289]
[172, 824, -111]
[249, -838, -318]
[-257, -972, 154]
[-214, -709, -768]
[263, 710, 5]
[-650, 81, 962]
[112, -864, -869]
[-443, -258, 578]
[-562, 679, -340]
[-148, 278, -920]
[-58, 669, 82]
[-580, -499, -203]
[-308, -418, 256]
[-755, 754, -228]
[225, 998, 447]
[372, 36, -794]
[-424, -368, -304]
[563, 957, 958]
[153, -491, 11]
[-669, -201, -871]
[-73, 505, -593]
[-822, 379, 868]
[-925, 663, 903]
[931, 809, -353]
[45, 756, -368]
[-620, -377, 768]
[-448, -885, -946]
[534, -75, 829]
[-107, -109, -541]
[-909, -594, 139]
[726, 768, 9]
[96, 254, -910]
[909, 377, 258]
[-62, 76, -663]
[-655, 492, -672]
[-85, -295, 150]
[238, 513, -707]
[-502, -449, 168]
[982, 243, -789]
[-136, -666, -253]
[-244, -923, 270]
[-249, -783, 63]
[142, -13, 733]
[-463, 277, -10]
[-746, 632, -642]
[606, 698, 740]
[943, 731, -58]
[781, -967, 427]
[-454, 824, 769]
[-280, -953, 184]
[27, 606, -594]
[-164, -696, 813]
[-164, -564, -668]
[-456, 983, -920]
[-255, -394, -533]
[855, -507, 971]
[468, 365, -119]
[634, 538, 254]
[469, -342, 628]
[-915, -486, 467]
[-730, -489, 618]
[476, -89, -338]
[-119, -178, 324]
[-118, -763, 811]
[429, 799, 420]
[-992, 647, -393]
[-999, -905, -684]
[-348, 155, 891]
[116, -199, 999]
[-876, -461, -615]
[-991, -241, 484]
[-943, -438, -194]
[997, -290, -909]
[213, 495, -147]
[114, -792, -987]
[-963, 811, 365]
[264, 239, 910]
[348, 986, 825]
[-720, 823, 698]
[-846, 249, -758]
[361, 313, -398]
[-596, 58, 877]
[-67, 692, -984]
[61, 685, -676]
[-62, -601, -815]
[767, 748, 353]
[-825, 394, -718]
[-874, -457, -653]
[-522, 1, -767]
[238, 276, -881]
[-19, 504, -467]
[-233, -566, -14]
[-125, -996, 888]
[856, -780, -640]
[489, 2, 351]
[-859, -333, -193]
[464, 289, -41]
[653, 577, 737]
[-152, 181, 229]
[-852, 870, 744]
[-846, -290, -724]
[335, -989, 168]
[-496, -290, 325]
[-512, 833, -529]
[478, -499, -679]
[-285, -622, -365]
[3, -150, -807]
[684, 898, 879]
[-534, -615, -581]
[-918, 64, -270]
[-353, 522, 371]
[778, -490, -903]
[907, 605, -266]
[-464, 665, 231]
[605, -970, -841]
[-632, 751, 635]
[405, 416, 303]
[-409, 356, 713]
[-749, 181, 992]
[-211, 213, -52]
[-796, -80, 751]
[-287, 916, 519]
[-641, -340, 511]
[-350, -200, 648]
[638, -928, 0]
[-525, -651, 430]
[-458, -768, -173]
[-794, 190, 934]
[-998, 966, -387]
[570, 424, -89]
[-158, -318, 916]
[-841, 962, -68]
[-167, -625, 996]
[970, -303, -407]
[847, -68, 631]
[569, -251, 758]
[96, 755, 236]
[762, -520, -421]
[265, 880, -97]
[-371, 29, 174]
[-196, 597, 873]
[737, 319, -725]
[-414, 864, 995]
[42, -481, 935]
[277, -456, 329]
[-107, 63, -830]
[-418, -532, 615]
[397, 240, -622]
[-686, -987, 774]
[750, -823, -251]
[529, -769, 86]
[575, 417, -741]
[-938, -546, -877]
[-933, -434, -558]
[73, -434, -924]
[790, 140, -652]
[-110, -342, -854]
[960, 36, -661]
[555, 292, 723]
[-776, 68, -419]
[1000, 397, -769]
[-892, 582, -540]
[537, 456, 969]
[323, -236, -415]
[-423, 802, 110]
[-213, 625, 173]
[504, 231, 306]
[-659, 904, -820]
[41, 925, 849]
[-793, -959, -420]
[500, -870, 295]
[587, -279, -215]
[321, -192, 684]
[364, 418, 249]
[-537, -238, 598]
[623, -259, 773]
[961, -572, 126]
[-256, 706, 709]
[-199, -258, -476]
[-910, -993, 491]
[559, 767, -534]
[857, 897, -984]
[-822, -385, -284]
[201, -142, 224]
[-572, 727, -482]
[-802, -603, 467]
[-244, 127, -714]
[-124, -975, 396]
[149, 939, -975]
[810, 573, -828]
[-365, -32, 581]
[542, 9, 110]
[946, 347, -63]
[675, -589, 67]
[895, -95, -183]
[-793, 35, 784]
[-809, 946, -844]
[-641, 44, -448]
[-653, -325, 524]
[-688, 307, 28]
[780, 518, -586]
[-554, 403, -911]
[-22, -217, -783]
[278, -239, 832]
[-258, 106, -938]
[2, 486, -452]
[518, 533, 86]
[-33, -538, -152]
[-778, -818, 589]
[281, -208, -865]
[85, 641, -660]
[930, -326, -994]
[868, 869, 80]
[-59, 226, -718]
[375, 863, -280]
[65, -246, -608]
[0, 553, -946]
[-166, -627, -454]
[665, -298, 291]
[791, 894, -2]
[78, -281, -961]
[368, 695, 566]
[-990, 47, -40]
[416, -336, -872]
[-396, -688, 908]
[-683, -293, 64]
[-391, 651, 716]
[96, -522, -298]
[-661, 482, 144]
[-831, 125, -619]
[-28, 198, 936]
[-309, 279, 290]
[-901, 344, 564]
[-953, 999, 358]
[599, -262, -88]
[778, -529, 71]
[-912, 273, -420]
[-495, -171, -317]
[508, 445, -292]
[688, -72, -57]
[-203, -690, -111]
[971, -840, 924]
[433, 144, -632]
[-103, -298, -839]
[-482, 583, 114]
[-267, -612, -291]
[724, 383, -911]
[325, 904, 786]
[623, 415, 451]
[397, 164, -497]
[-528, 591, 254]
[169, 584, -593]
[-534, 418, 586]
[380, -120, 22]
[-700, -13, 262]
[184, -245, -215]
[-610, 349, 944]
[-286, -756, -691]
[500, 671, -782]
[-547, 671, -169]
[84, -181, 285]
[-524, 901, -763]
[-985, -129, 124]
[-727, 553, -698]
[892, 177, -116]
[-143, 306, -876]
[-342, -926, 33]
[908, -248, 5]
[-184, -618, 363]
[-268, -34, 836]
[954, -885, 502]
[299, 309, -991]
[874, 527, -733]
[409, -706, 509]
[-660, -755, -463]
[316, -937, -87]
[146, -534, -4]
[-72, 23, 539]
[999, 472, -771]
[927, 773, 831]
[560, 96, 381]
[557, -733, -159]
[144, 272, 49]
[322, 85, 507]
[372, 335, -89]
[-895, 173, 437]
[434, 78, -505]
[-378, 105, -605]
[998, 888, -779]
[888, 688, 966]
[-18, -686, 826]
[292, -584, -944]
[-697, -567, 907]
[685, 334, 432]
[-980, -620, -519]
[761, 96, -134]
[799, -563, -677]
[924, 438, 67]
[939, -578, 358]
[-850, 599, -225]
[-98, -901, -751]
[420, 819, 242]
[280, 858, 9]
[796, -674, -492]
[268, 183, 902]
[809, -311, -815]
[180, -980, 45]
[666, 924, -170]
[-511, 705, 88]
[768, -66, 703]
[231, 117, 387]
[-229, -88, 760]
[953, -152, -379]
[-36, -643, -548]
[-592, -458, 615]
[-61, -381, -837]
[563, 866, 844]
[-173, 171, -730]
[-126, 115, 231]
[194, 637, -598]
[-467, 370, -514]
[20, 611, 77]
[416, -790, 753]
[-60, 220, -438]
[-844, 710, -733]
[351, 75, 89]
[434, -874, -155]
[643, -961, 606]
[-634, -201, -880]
[-112, -933, 484]
[-689, 819, -614]
[-870, -517, -517]
[-420, 658, 306]
[-656, 831, 186]
[-518, 843, -293]
[859, 548, -979]
[977, -421, -847]
[-47, -955, -692]
[786, 375, 810]
[11, 286, -865]
[-393, -322, 868]
[-169, 963, -829]
[40, 513, 916]
[705, -798, 833]
[611, -224, 734]
[550, -915, -264]
[301, 384, -75]
[-947, 694, -550]
[317, 487, 717]
[847, 622, 858]
[-675, 258, -478]
[-856, -164, -707]
[736, -27, -619]
[728, 215, -989]
[919, -632, 478]
[534, 504, -859]
[-856, -875, 770]
[-598, 17, -376]
[-394, -437, 4]
[-830, 312, 661]
[501, -631, 156]
[418, -18, 534]
[-660, 521, -432]
[-59, 794, 845]
[-528, 980, 94]
[845, -687, -679]
[202, -432, 795]
[-683, 163, 22]
[512, -701, -593]
[258, -309, 816]
[-17, -169, 603]
[242, -454, -715]
[500, 392, 166]
[-274, 705, -816]
[355, -87, 902]
[101, 238, 259]
[-622, 121, 332]
[-836, -581, -864]
[-1000, -782, 122]
[564, -208, 944]
[-852, 608, 264]
[-406, -623, -758]
[-41, -448, -716]
[-389, 820, -963]
[-602, -454, 189]
[294, -984, 104]
[-878, -602, 735]
[465, 863, -276]
[31, 906, -714]
[470, -137, 989]
[703, -153, 336]
[547, -61, 331]
[-619, 722, 643]
[-258, -650, -697]
[681, 957, 934]
[-792, 237, -200]
[-516, -879, -441]
[-265, -403, -623]
[20, -175, 918]
[904, 410, -39]
[240, 180, -450]
[-546, -882, -44]
[-280, 946, 640]
[-368, -141, -711]
[-775, 113, 962]
[326, 927, -97]
[123, 221, 403]
[-309, -482, -280]
[-933, 674, 195]
[527, 215, 818]
[-209, -62, -907]
[952, 413, 900]
[699, 845, 628]
[-170, -934, -187]
[938, -772, 98]
[685, 934, 295]
[231, -34, 777]
[129, -316, -549]
[-2, -459, 744]
[-979, 91, -922]
[14, -15, 650]
[616, -864, 966]
[-507, -206, -697]
[705, -748, -636]
[-107, -696, 898]
[-362, -182, 233]
[432, 898, 188]
[-702, -531, 442]
[-64, -848, -51]
[-595, 433, 309]
[-344, 146, -981]
[-628, 81, -141]
[202, -335, -229]
[71, -269, 33]
[213, 363, 526]
[744, 222, 759]
[-695, -691, 173]
[-315, 591, 947]
[876, -894, 741]
[-337, 220, -658]
[-466, 173, -312]
[890, 406, 886]
[689, 510, -171]
[-78, -874, -420]
[952, 805, -241]
[-494, 110, -634]
[-703, 353, 389]
[-189, -699, 7]
[-638, -611, 61]
[924, 321, -498]
[-319, 929, -98]
[238, 388, 160]
[761, -43, 934]
[37, 509, -871]
[73, -151, -112]
[-352, 961, 59]
[-802, 314, -360]
[-328, -236, 938]
[76, 567, -380]
[-857, 858, 261]
[-257, 642, -922]
[-569, 706, 763]
[643, 406, -324]
[-472, -568, -64]
[500, 299, 920]
[-830, -999, 786]
[492, -491, 698]
[440, 109, -769]
[123, 264, 67]
[-833, -300, -317]
[-945, -129, -698]
[714, 560, -122]
[990, -663, -478]
[777, -983, 305]
[636, 726, -695]
[-419, -909, 761]
[-926, 601, 66]
[698, 19, 414]
[-113, 994, -858]
[-238, 815, 937]
[-868, 588, 883]
[316, -735, 187]
[-982, -890, -312]
[260, 8, -785]
[656, -800, -866]
[357, -186, 168]
[821, 798, 212]
[-320, -301, -354]
[-72, -592, 79]
[-17, 938, -348]
[157, -353, 449]
[224, 282, -685]
[-992, 178, 150]
[350, -674, -315]
[24, 730, -892]
[930, 16, 881]
[878, 198, -286]
[-92, -868, 625]
[-26, -625, 5]
[836, 443, -503]
[-809, -815, 448]
[-677, 44, 573]
[-854, -799, -4]
[891, 87, 198]
[-268, 461, -245]
[785, 590, 779]
[-104, -795, 563]
[901, -107, -210]
[-723, 736, 232]
[137, -101, -244]
[-316, 864, 307]
[214, -828, -236]
[548, -602, 641]
[39, -814, -783]
[988, 742, -1]
[509, -124, -39]
[147, -984, 99]
[269, -302, 408]
[185, 694, 853]
[-621, 898, -728]
[-803, -316, -12]
[938, 198, -361]
[427, -121, 304]
[962, -398, -610]
[927, 954, 426]
[434, -612, 547]
[-718, -141, 400]
[-692, 918, -586]
[653, -500, -631]
[933, 613, -466]
[315, -528, -123]
[-971, 24, -126]
[678, 681, -139]
[472, -571, 167]
[-573, -635, 528]
[-424, 226, 246]
[737, 110, 923]
[915, 369, 926]
[-823, -30, 779]
[680, -319, 761]
[893, 750, 514]
[-749, 722, 555]
[-813, 58, -511]
[-157, -885, 90]
[510, -957, 127]
[-990, 708, 868]
[183, 451, 345]
[824, -541, -906]
[388, 523, 275]
[647, -907, 72]
[-215, -32, -892]
[-584, 32, -752]
[546, -955, -909]
[584, 269, 397]
[-167, 701, 134]
[681, 563, -839]
[595, 724, -708]
[-361, -526, -720]
[-293, -169, 74]
[652, 775, -368]
[-658, -561, 431]
[40, -62, 862]
[297, 792, 740]
[575, 559, 246]
[810, 222, 802]
[-981, 888, -693]
[-826, 982, 945]
[-476, -397, 702]
[-471, 853, -902]
[-608, -713, -284]
[-739, 938, -35]
[662, 836, 4]
[657, -973, 775]
[489, 12, 590]
[-236, -501, 689]
[-786, -177, -826]
[737, -320, 869]
[-817, 966, -270]
[-823, -14, 634]
[598, -845, -709]
[153, 975, -759]
[-419, 162, -598]
[155, 809, 212]
[685, 907, -19]
[422, 908, 885]
[811, -412, 404]
[-986, 891, -835]
[473, -493, 221]
[-306, -501, 315]
[-301, 279, 585]
[854, 746, 968]
[673, -534, 8]
[70, 847, 465]
[-78, 161, 360]
[-347, 528, 502]
[189, 442, 441]
[-110, 81, -221]
[289, 954, 531]
[901, 824, -289]
[175, 432, -392]
[694, -11, -602]
[557, -531, -799]
[993, 28, -876]
[-26, -753, 323]
[-437, 764, -427]
[-385, 648, 238]
[434, 811, -995]
[621, 980, -659]
[160, 159, 49]
[-669, -586, -41]
[867, -636, 460]
[-24, -943, 953]
[921, -391, 571]
[514, -470, 627]
[386, -911, 676]
[-393, 506, -218]
[-72, 938, 693]
[-276, -71, -782]
[-607, -7, 173]
[238, -753, 718]
[907, 127, -601]
[-982, 437, -692]
[695, -210, 500]
[184, 197, 2]
[282, -212, -155]
[687, 543, -312]
[-866, -784, -902]
[-706, -468, -656]
[480, -403, 259]
[165, 550, -400]
[249, -459, -531]
[524, -164, 305]
[-450, 950, 450]
[185, 60, 30]
[-287, -144, -143]
[-787, 411, 800]
[260, 459, -256]
[-61, -29, -860]
[-67, -189, -532]
[670, 623, -374]
[332, 63, -782]
[764, 531, -575]
[-782, -351, 896]
[894, -562, -156]
[42, -104, 832]
[533, -962, 192]
[925, 193, -259]
[-307, -895, 923]
[632, -870, -234]
[-713, 249, -946]
[-634, -595, -162]
[880, -974, 568]
[612, -70, -933]
[-877, 82, 805]
[22, -309, 0]
[142, 216, 81]
[614, -647, 716]
[-662, 587, 155]
[-783, -871, 153]
[-82, 784, 697]
[-513, 212, -91]
[433, 778, 342]
[349, 317, 738]
[66, -636, 748]
[-356, -390, -587]
[61, -96, 683]
[-744, 25, 144]
[540, -684, -408]
[-979, -590, -385]
[808, -114, 434]
[-612, -900, 149]
[766, 865, 6]
[862, 690, -838]
[574, 985, -126]
[720, 571, 878]
[-229, 734, 271]
[-177, 503, -733]
[152, -440, 196]
[-410, 610, -902]
[888, 290, 985]
[-992, -514, -772]
[870, 428, -76]
[-8, -94, -418]
[-664, -720, 500]
[992, 458, 409]
[-617, 743, -733]
[480, -46, 335]
[-621, 864, -255]
[-622, -215, -323]
[926, -714, -880]
[-762, -421, -448]
[608, 545, -193]
[984, 734, 440]
[225, 425, 523]
[-76, 145, -255]
[249, 192, -351]
[967, -374, -615]
[-325, 131, 412]
[586, 385, -785]
[-361, -975, 111]
[641, 924, 310]
[890, -856, -637]
[37, 210, -232]
[397, -587, 403]
[195, 48, -327]
[-820, -53, -234]
[616, 683, 824]
[-221, -68, 494]
[-383, -303, -88]
[67, 232, 616]
[-494, -849, -223]
[390, 13, -634]
[-344, 691, -293]
[607, 88, 835]
[486, 211, 821]
[-822, -483, 461]
[368, -328, -923]
[917, -939, -258]
[16, -141, 936]
[-901, -706, -312]
[-839, 780, 838]
[194, -281, 552]
[-154, 803, 907]
[861, 532, -876]
[837, 473, -396]
[666, -152, -946]
[264, 106, -879]
[665, -664, -996]
[81, -286, -399]
[-785, 539, -597]
[521, 456, -547]
[-990, 981, -702]
[338, 45, 134]
[-104, -688, 410]
[-952, 906, -734]
[-25, 959, 842]
[511, 766, -210]
[-127, -896, 638]
[479, 837, -299]
[16, -936, -60]
[92, 844, -92]
[357, 713, 563]
[795, 96, 495]
[228, 80, 224]
[-759, -482, 824]
[-44, -965, -842]
[-328, -136, -257]
[-572, 818, -33]
[-364, -836, 18]
[-594, 306, -902]
[781, -114, 754]
[725, -609, 395]
[977, 666, 310]
[223, 371, -999]
[330, -1000, 169]
[965, 543, -373]
[74, 193, -340]
[339, 157, -358]
[-450, -460, 475]
[559, -956, 710]
[-724, 971, 934]
[-927, -59, 684]
[901, -241, 516]
[-142, -372, -96]
[826, -862, 949]
[-345, 473, -715]
[477, -126, -833]
[-64, -6, 229]
[897, 24, -850]
[928, 242, -385]
[-3, 286, 17]
[517, -122, 950]
[782, -904, -375]
[236, -191, -554]
[665, -829, -124]
[-621, -843, 576]
[-780, 582, -218]
[284, 321, -931]
[-378, 481, 912]
[-596, 895, 743]
[-853, -180, 564]
[-628, -977, 569]
[-971, -34, -804]
[-728, -810, -776]
[-746, -478, 214]
[-72, -821, -931]
[-279, 418, 765]
[312, -853, 242]
[-286, -510, 222]
[185, 282, -777]
[317, 939, 847]
[-636, -38, 128]
[-578, -887, -337]
[426, 765, 319]
[905, -401, -497]
[-243, -674, 60]
[990, 631, 343]
[-917, 550, -102]
[-414, 610, 512]
[-684, -953, -742]
[-214, -400, 355]
[-156, 303, 350]
[-930, 32, -220]
[-501, 467, 630]
[-173, 928, -768]
[-952, 643, -249]
[330, -372, -456]
[281, 552, -431]
[-732, -892, 846]
[-640, 765, 88]
[-3, -408, 279]
[425, -522, 742]
[505, 845, 610]
[355, -155, 97]
[952, -246, 628]
[-531, -703, -919]
[339, -311, 451]
[657, -238, 429]
[641, 377, -83]
[-603, -954, 98]
[-37, -229, 813]
[-111, 306, -108]
[-796, -332, -285]
[-979, -338, -625]
[199, 436, 271]
[-260, -238, 11]
[902, -822, -718]
[-523, -542, 654]
[139, 414, -166]
[477, 865, 775]
[-932, 322, -231]
[254, 299, 325]
[999, -876, -344]
[-654, 209, 222]
[157, 600, -924]
[-812, -991, 184]
[-325, 694, 350]
[271, 463, -278]
[-348, 955, -145]
[323, -371, -870]
[-888, 455, 570]
[-121, -707, -64]
[641, -896, -774]
[-472, 896, 192]
[-613, -830, -549]
[-775, 979, 584]
[302, 837, -159]
[765, -689, -178]
[147, -362, -543]
[65, -885, -256]
